sympGrps[10,2].maxSubGrpsByClass[1][1] := rec();;
sympGrps[10,2].maxSubGrpsByClass[1][1].self :=
Group(
[
    [ 1,  0,  0,  0,  0,  0,  0,  0,  0,  0],
    [ 0,  1,  0,  0,  1,  0,  0,  0,  1,  0],
    [ 0,  0,  1,  0,  0,  0,  0,  0,  0,  0],
    [ 0,  0,  0,  1,  0,  0,  0,  0,  0,  0],
    [ 0,  0,  0,  0,  1,  0,  0,  0,  0,  0],
    [ 0,  0,  0,  0,  0,  1,  0,  0,  1,  0],
    [ 0,  0,  0,  0,  0,  0,  1,  0,  0,  0],
    [ 0,  0,  0,  0,  0,  0,  0,  1,  0,  0],
    [ 0,  0,  0,  0,  0,  0,  0,  0,  1,  0],
    [ 0,  0,  0,  0,  0,  0,  0,  0,  0,  1]
]
* Z(2)
,
[
    [ 1,  0,  0,  0,  0,  0,  0,  0,  0,  0],
    [ 0,  0,  0,  0,  0,  1,  0,  0,  0,  0],
    [ 0,  1,  0,  0,  0,  0,  0,  0,  0,  0],
    [ 0,  0,  1,  0,  0,  0,  0,  0,  0,  0],
    [ 0,  0,  0,  1,  0,  0,  0,  0,  0,  0],
    [ 0,  0,  0,  0,  0,  0,  1,  0,  0,  0],
    [ 0,  0,  0,  0,  0,  0,  0,  1,  0,  0],
    [ 0,  0,  0,  0,  0,  0,  0,  0,  1,  0],
    [ 0,  0,  0,  0,  1,  0,  0,  0,  0,  0],
    [ 0,  0,  0,  0,  0,  0,  0,  0,  0,  1]
]
* Z(2)
,
[
    [ 1,  0,  0,  0,  0,  0,  0,  0,  0,  0],
    [ 0,  1,  0,  0,  0,  0,  0,  0,  0,  0],
    [ 0,  0,  1,  0,  0,  0,  0,  0,  0,  0],
    [ 0,  0,  0,  1,  0,  0,  0,  0,  0,  0],
    [ 0,  0,  0,  0,  1,  0,  0,  0,  0,  0],
    [ 0,  0,  0,  0,  0,  1,  0,  0,  0,  0],
    [ 0,  0,  0,  0,  0,  0,  1,  0,  0,  0],
    [ 0,  0,  0,  0,  0,  0,  0,  1,  0,  0],
    [ 0,  0,  0,  0,  0,  0,  0,  0,  1,  0],
    [ 1,  0,  0,  0,  0,  0,  0,  0,  0,  1]
]
* Z(2)
,
[
    [ 1,  0,  0,  0,  0,  0,  0,  0,  0,  0],
    [ 0,  1,  0,  0,  0,  0,  0,  0,  0,  0],
    [ 0,  0,  1,  0,  0,  0,  0,  0,  0,  0],
    [ 0,  0,  0,  1,  0,  0,  0,  0,  0,  0],
    [ 0,  0,  0,  0,  1,  0,  0,  0,  0,  0],
    [ 0,  0,  0,  0,  0,  1,  0,  0,  0,  0],
    [ 0,  0,  0,  0,  0,  0,  1,  0,  0,  0],
    [ 0,  0,  0,  0,  0,  0,  0,  1,  0,  0],
    [ 1,  1,  0,  0,  0,  0,  0,  0,  1,  0],
    [ 1,  1,  0,  0,  0,  0,  0,  0,  0,  1]
]
* Z(2)
);;
sympGrps[10,2].maxSubGrpsByClass[1][1].order := 24257337753600;;
sympGrps[10,2].maxSubGrpsByClass[1][1].orderFactors := "2^25 * 3^5 * 5^2 * 7 * 17";;
sympGrps[10,2].maxSubGrpsByClass[1][1].strDsc := "";;
sympGrps[10,2].maxSubGrpsByClass[1][1].solRsd := rec();;
sympGrps[10,2].maxSubGrpsByClass[1][1].solRsd.self := "";;
sympGrps[10,2].maxSubGrpsByClass[1][1].solRsd.order := -1;;
sympGrps[10,2].maxSubGrpsByClass[1][1].solRsd.orderFactors := "";;
sympGrps[10,2].maxSubGrpsByClass[1][1].solRsd.strDsc := "";;
sympGrps[10,2].maxSubGrpsByClass[1][1].solRsd.perSubGrps := [];;

sympGrps[10,2].maxSubGrpsByClass[1][2] := rec();;
sympGrps[10,2].maxSubGrpsByClass[1][2].self :=
Group(
[
    [ 1,  1,  0,  0,  0,  0,  0,  0,  0,  0],
    [ 0,  1,  0,  0,  0,  0,  0,  0,  0,  0],
    [ 0,  0,  1,  0,  0,  0,  0,  0,  0,  0],
    [ 0,  0,  0,  1,  0,  0,  0,  0,  0,  0],
    [ 0,  0,  0,  0,  1,  0,  0,  0,  0,  0],
    [ 0,  0,  0,  0,  0,  1,  0,  0,  0,  0],
    [ 0,  0,  0,  0,  0,  0,  1,  0,  0,  0],
    [ 0,  0,  0,  0,  0,  0,  0,  1,  0,  0],
    [ 0,  0,  0,  0,  0,  0,  0,  0,  1,  1],
    [ 0,  0,  0,  0,  0,  0,  0,  0,  0,  1]
]
* Z(2)
,
[
    [ 0,  1,  0,  0,  0,  0,  0,  0,  0,  0],
    [ 1,  0,  0,  0,  0,  0,  0,  0,  0,  0],
    [ 0,  0,  1,  0,  0,  0,  0,  0,  0,  0],
    [ 0,  0,  0,  1,  0,  0,  0,  0,  0,  0],
    [ 0,  0,  0,  0,  1,  0,  0,  0,  0,  0],
    [ 0,  0,  0,  0,  0,  1,  0,  0,  0,  0],
    [ 0,  0,  0,  0,  0,  0,  1,  0,  0,  0],
    [ 0,  0,  0,  0,  0,  0,  0,  1,  0,  0],
    [ 0,  0,  0,  0,  0,  0,  0,  0,  0,  1],
    [ 0,  0,  0,  0,  0,  0,  0,  0,  1,  0]
]
* Z(2)
,
[
    [ 1,  0,  0,  0,  0,  0,  0,  0,  0,  0],
    [ 0,  1,  0,  0,  0,  0,  0,  0,  0,  0],
    [ 0,  0,  1,  0,  1,  0,  0,  1,  0,  0],
    [ 0,  0,  0,  1,  0,  0,  0,  0,  0,  0],
    [ 0,  0,  0,  0,  1,  0,  0,  0,  0,  0],
    [ 0,  0,  0,  0,  0,  1,  0,  1,  0,  0],
    [ 0,  0,  0,  0,  0,  0,  1,  0,  0,  0],
    [ 0,  0,  0,  0,  0,  0,  0,  1,  0,  0],
    [ 0,  0,  0,  0,  0,  0,  0,  0,  1,  0],
    [ 0,  0,  0,  0,  0,  0,  0,  0,  0,  1]
]
* Z(2)
,
[
    [ 1,  0,  0,  0,  0,  0,  0,  0,  0,  0],
    [ 0,  1,  0,  0,  0,  0,  0,  0,  0,  0],
    [ 0,  0,  0,  0,  0,  1,  0,  0,  0,  0],
    [ 0,  0,  1,  0,  0,  0,  0,  0,  0,  0],
    [ 0,  0,  0,  1,  0,  0,  0,  0,  0,  0],
    [ 0,  0,  0,  0,  0,  0,  1,  0,  0,  0],
    [ 0,  0,  0,  0,  0,  0,  0,  1,  0,  0],
    [ 0,  0,  0,  0,  1,  0,  0,  0,  0,  0],
    [ 0,  0,  0,  0,  0,  0,  0,  0,  1,  0],
    [ 0,  0,  0,  0,  0,  0,  0,  0,  0,  1]
]
* Z(2)
,
[
    [ 1,  0,  0,  0,  0,  0,  0,  0,  0,  0],
    [ 0,  1,  0,  0,  0,  0,  0,  0,  0,  0],
    [ 0,  0,  1,  0,  0,  0,  0,  0,  0,  0],
    [ 0,  0,  0,  1,  0,  0,  0,  0,  0,  0],
    [ 0,  0,  0,  0,  1,  0,  0,  0,  0,  0],
    [ 0,  0,  0,  0,  0,  1,  0,  0,  0,  0],
    [ 0,  0,  0,  0,  0,  0,  1,  0,  0,  0],
    [ 0,  0,  0,  0,  0,  0,  0,  1,  0,  0],
    [ 0,  0,  0,  0,  0,  0,  0,  0,  1,  0],
    [ 1,  0,  0,  0,  0,  0,  0,  0,  0,  1]
]
* Z(2)
,
[
    [ 1,  0,  0,  0,  0,  0,  0,  0,  0,  0],
    [ 0,  1,  0,  0,  0,  0,  0,  0,  0,  0],
    [ 1,  0,  1,  0,  0,  0,  0,  0,  0,  0],
    [ 0,  0,  0,  1,  0,  0,  0,  0,  0,  0],
    [ 0,  0,  0,  0,  1,  0,  0,  0,  0,  0],
    [ 0,  0,  0,  0,  0,  1,  0,  0,  0,  0],
    [ 0,  0,  0,  0,  0,  0,  1,  0,  0,  0],
    [ 0,  0,  0,  0,  0,  0,  0,  1,  0,  0],
    [ 0,  0,  0,  0,  0,  0,  0,  0,  1,  0],
    [ 0,  0,  0,  0,  0,  0,  0,  1,  0,  1]
]
* Z(2)
);;
sympGrps[10,2].maxSubGrpsByClass[1][2].order := 285380444160;;
sympGrps[10,2].maxSubGrpsByClass[1][2].orderFactors := "2^25 * 3^5 * 5 * 7";;
sympGrps[10,2].maxSubGrpsByClass[1][2].strDsc := "";;
sympGrps[10,2].maxSubGrpsByClass[1][2].solRsd := rec();;
sympGrps[10,2].maxSubGrpsByClass[1][2].solRsd.self := "";;
sympGrps[10,2].maxSubGrpsByClass[1][2].solRsd.order := -1;;
sympGrps[10,2].maxSubGrpsByClass[1][2].solRsd.orderFactors := "";;
sympGrps[10,2].maxSubGrpsByClass[1][2].solRsd.strDsc := "";;
sympGrps[10,2].maxSubGrpsByClass[1][2].solRsd.perSubGrps := [];;

sympGrps[10,2].maxSubGrpsByClass[1][3] := rec();;
sympGrps[10,2].maxSubGrpsByClass[1][3].self :=
Group(
[
    [ 1,  1,  0,  0,  0,  0,  0,  0,  0,  0],
    [ 0,  1,  0,  0,  0,  0,  0,  0,  0,  0],
    [ 0,  0,  1,  0,  0,  0,  0,  0,  0,  0],
    [ 0,  0,  0,  1,  0,  0,  0,  0,  0,  0],
    [ 0,  0,  0,  0,  1,  0,  0,  0,  0,  0],
    [ 0,  0,  0,  0,  0,  1,  0,  0,  0,  0],
    [ 0,  0,  0,  0,  0,  0,  1,  0,  0,  0],
    [ 0,  0,  0,  0,  0,  0,  0,  1,  0,  0],
    [ 0,  0,  0,  0,  0,  0,  0,  0,  1,  1],
    [ 0,  0,  0,  0,  0,  0,  0,  0,  0,  1]
]
* Z(2)
,
[
    [ 0,  0,  1,  0,  0,  0,  0,  0,  0,  0],
    [ 1,  0,  0,  0,  0,  0,  0,  0,  0,  0],
    [ 0,  1,  0,  0,  0,  0,  0,  0,  0,  0],
    [ 0,  0,  0,  1,  0,  0,  0,  0,  0,  0],
    [ 0,  0,  0,  0,  1,  0,  0,  0,  0,  0],
    [ 0,  0,  0,  0,  0,  1,  0,  0,  0,  0],
    [ 0,  0,  0,  0,  0,  0,  1,  0,  0,  0],
    [ 0,  0,  0,  0,  0,  0,  0,  0,  1,  0],
    [ 0,  0,  0,  0,  0,  0,  0,  0,  0,  1],
    [ 0,  0,  0,  0,  0,  0,  0,  1,  0,  0]
]
* Z(2)
,
[
    [ 1,  0,  0,  0,  0,  0,  0,  0,  0,  0],
    [ 0,  1,  0,  0,  0,  0,  0,  0,  0,  0],
    [ 0,  0,  1,  0,  0,  0,  0,  0,  0,  0],
    [ 0,  0,  0,  1,  0,  1,  1,  0,  0,  0],
    [ 0,  0,  0,  1,  0,  0,  1,  0,  0,  0],
    [ 0,  0,  0,  0,  1,  0,  1,  0,  0,  0],
    [ 0,  0,  0,  1,  1,  1,  1,  0,  0,  0],
    [ 0,  0,  0,  0,  0,  0,  0,  1,  0,  0],
    [ 0,  0,  0,  0,  0,  0,  0,  0,  1,  0],
    [ 0,  0,  0,  0,  0,  0,  0,  0,  0,  1]
]
* Z(2)
,
[
    [ 1,  0,  0,  0,  0,  0,  0,  0,  0,  0],
    [ 0,  1,  0,  0,  0,  0,  0,  0,  0,  0],
    [ 0,  0,  1,  0,  0,  0,  0,  0,  0,  0],
    [ 0,  0,  0,  0,  0,  1,  0,  0,  0,  0],
    [ 0,  0,  0,  1,  0,  0,  0,  0,  0,  0],
    [ 0,  0,  0,  0,  0,  0,  1,  0,  0,  0],
    [ 0,  0,  0,  0,  1,  0,  0,  0,  0,  0],
    [ 0,  0,  0,  0,  0,  0,  0,  1,  0,  0],
    [ 0,  0,  0,  0,  0,  0,  0,  0,  1,  0],
    [ 0,  0,  0,  0,  0,  0,  0,  0,  0,  1]
]
* Z(2)
,
[
    [ 1,  0,  0,  0,  0,  0,  0,  0,  0,  0],
    [ 0,  1,  0,  0,  0,  0,  0,  0,  0,  0],
    [ 0,  0,  1,  0,  0,  0,  0,  0,  0,  0],
    [ 0,  0,  0,  1,  0,  0,  0,  0,  0,  0],
    [ 0,  0,  0,  0,  1,  0,  0,  0,  0,  0],
    [ 0,  0,  0,  0,  0,  1,  0,  0,  0,  0],
    [ 0,  0,  0,  0,  0,  0,  1,  0,  0,  0],
    [ 0,  0,  0,  0,  0,  0,  0,  1,  0,  0],
    [ 0,  0,  0,  0,  0,  0,  0,  0,  1,  0],
    [ 1,  0,  0,  0,  0,  0,  0,  0,  0,  1]
]
* Z(2)
,
[
    [ 1,  0,  0,  0,  0,  0,  0,  0,  0,  0],
    [ 0,  1,  0,  0,  0,  0,  0,  0,  0,  0],
    [ 0,  0,  1,  0,  0,  0,  0,  0,  0,  0],
    [ 1,  0,  0,  1,  0,  0,  0,  0,  0,  0],
    [ 0,  0,  0,  0,  1,  0,  0,  0,  0,  0],
    [ 0,  0,  0,  0,  0,  1,  0,  0,  0,  0],
    [ 0,  0,  0,  0,  0,  0,  1,  0,  0,  0],
    [ 0,  0,  0,  0,  0,  0,  0,  1,  0,  0],
    [ 0,  0,  0,  0,  0,  0,  0,  0,  1,  0],
    [ 0,  0,  0,  0,  0,  0,  1,  0,  0,  1]
]
* Z(2)
);;
sympGrps[10,2].maxSubGrpsByClass[1][3].order := 31708938240;;
sympGrps[10,2].maxSubGrpsByClass[1][3].orderFactors := "2^25 * 3^3 * 5 * 7";;
sympGrps[10,2].maxSubGrpsByClass[1][3].strDsc := "";;
sympGrps[10,2].maxSubGrpsByClass[1][3].solRsd := rec();;
sympGrps[10,2].maxSubGrpsByClass[1][3].solRsd.self := "";;
sympGrps[10,2].maxSubGrpsByClass[1][3].solRsd.order := -1;;
sympGrps[10,2].maxSubGrpsByClass[1][3].solRsd.orderFactors := "";;
sympGrps[10,2].maxSubGrpsByClass[1][3].solRsd.strDsc := "";;
sympGrps[10,2].maxSubGrpsByClass[1][3].solRsd.perSubGrps := [];;

sympGrps[10,2].maxSubGrpsByClass[1][4] := rec();;
sympGrps[10,2].maxSubGrpsByClass[1][4].self :=
Group(
[
    [ 1,  1,  0,  0,  0,  0,  0,  0,  0,  0],
    [ 0,  1,  0,  0,  0,  0,  0,  0,  0,  0],
    [ 0,  0,  1,  0,  0,  0,  0,  0,  0,  0],
    [ 0,  0,  0,  1,  0,  0,  0,  0,  0,  0],
    [ 0,  0,  0,  0,  1,  0,  0,  0,  0,  0],
    [ 0,  0,  0,  0,  0,  1,  0,  0,  0,  0],
    [ 0,  0,  0,  0,  0,  0,  1,  0,  0,  0],
    [ 0,  0,  0,  0,  0,  0,  0,  1,  0,  0],
    [ 0,  0,  0,  0,  0,  0,  0,  0,  1,  1],
    [ 0,  0,  0,  0,  0,  0,  0,  0,  0,  1]
]
* Z(2)
,
[
    [ 0,  0,  0,  1,  0,  0,  0,  0,  0,  0],
    [ 1,  0,  0,  0,  0,  0,  0,  0,  0,  0],
    [ 0,  1,  0,  0,  0,  0,  0,  0,  0,  0],
    [ 0,  0,  1,  0,  0,  0,  0,  0,  0,  0],
    [ 0,  0,  0,  0,  1,  0,  0,  0,  0,  0],
    [ 0,  0,  0,  0,  0,  1,  0,  0,  0,  0],
    [ 0,  0,  0,  0,  0,  0,  0,  1,  0,  0],
    [ 0,  0,  0,  0,  0,  0,  0,  0,  1,  0],
    [ 0,  0,  0,  0,  0,  0,  0,  0,  0,  1],
    [ 0,  0,  0,  0,  0,  0,  1,  0,  0,  0]
]
* Z(2)
,
[
    [ 1,  0,  0,  0,  0,  0,  0,  0,  0,  0],
    [ 0,  1,  0,  0,  0,  0,  0,  0,  0,  0],
    [ 0,  0,  1,  0,  0,  0,  0,  0,  0,  0],
    [ 0,  0,  0,  1,  0,  0,  0,  0,  0,  0],
    [ 0,  0,  0,  0,  1,  1,  0,  0,  0,  0],
    [ 0,  0,  0,  0,  0,  1,  0,  0,  0,  0],
    [ 0,  0,  0,  0,  0,  0,  1,  0,  0,  0],
    [ 0,  0,  0,  0,  0,  0,  0,  1,  0,  0],
    [ 0,  0,  0,  0,  0,  0,  0,  0,  1,  0],
    [ 0,  0,  0,  0,  0,  0,  0,  0,  0,  1]
]
* Z(2)
,
[
    [ 1,  0,  0,  0,  0,  0,  0,  0,  0,  0],
    [ 0,  1,  0,  0,  0,  0,  0,  0,  0,  0],
    [ 0,  0,  1,  0,  0,  0,  0,  0,  0,  0],
    [ 0,  0,  0,  1,  0,  0,  0,  0,  0,  0],
    [ 0,  0,  0,  0,  0,  1,  0,  0,  0,  0],
    [ 0,  0,  0,  0,  1,  0,  0,  0,  0,  0],
    [ 0,  0,  0,  0,  0,  0,  1,  0,  0,  0],
    [ 0,  0,  0,  0,  0,  0,  0,  1,  0,  0],
    [ 0,  0,  0,  0,  0,  0,  0,  0,  1,  0],
    [ 0,  0,  0,  0,  0,  0,  0,  0,  0,  1]
]
* Z(2)
,
[
    [ 1,  0,  0,  0,  0,  0,  0,  0,  0,  0],
    [ 0,  1,  0,  0,  0,  0,  0,  0,  0,  0],
    [ 0,  0,  1,  0,  0,  0,  0,  0,  0,  0],
    [ 0,  0,  0,  1,  0,  0,  0,  0,  0,  0],
    [ 0,  0,  0,  0,  1,  0,  0,  0,  0,  0],
    [ 0,  0,  0,  0,  0,  1,  0,  0,  0,  0],
    [ 0,  0,  0,  0,  0,  0,  1,  0,  0,  0],
    [ 0,  0,  0,  0,  0,  0,  0,  1,  0,  0],
    [ 0,  0,  0,  0,  0,  0,  0,  0,  1,  0],
    [ 1,  0,  0,  0,  0,  0,  0,  0,  0,  1]
]
* Z(2)
,
[
    [ 1,  0,  0,  0,  0,  0,  0,  0,  0,  0],
    [ 0,  1,  0,  0,  0,  0,  0,  0,  0,  0],
    [ 0,  0,  1,  0,  0,  0,  0,  0,  0,  0],
    [ 0,  0,  0,  1,  0,  0,  0,  0,  0,  0],
    [ 1,  0,  0,  0,  1,  0,  0,  0,  0,  0],
    [ 0,  0,  0,  0,  0,  1,  0,  0,  0,  0],
    [ 0,  0,  0,  0,  0,  0,  1,  0,  0,  0],
    [ 0,  0,  0,  0,  0,  0,  0,  1,  0,  0],
    [ 0,  0,  0,  0,  0,  0,  0,  0,  1,  0],
    [ 0,  0,  0,  0,  0,  1,  0,  0,  0,  1]
]
* Z(2)
);;
sympGrps[10,2].maxSubGrpsByClass[1][4].order := 31708938240;;
sympGrps[10,2].maxSubGrpsByClass[1][4].orderFactors := "2^25 * 3^3 * 5 * 7";;
sympGrps[10,2].maxSubGrpsByClass[1][4].strDsc := "";;
sympGrps[10,2].maxSubGrpsByClass[1][4].solRsd := rec();;
sympGrps[10,2].maxSubGrpsByClass[1][4].solRsd.self := "";;
sympGrps[10,2].maxSubGrpsByClass[1][4].solRsd.order := -1;;
sympGrps[10,2].maxSubGrpsByClass[1][4].solRsd.orderFactors := "";;
sympGrps[10,2].maxSubGrpsByClass[1][4].solRsd.strDsc := "";;
sympGrps[10,2].maxSubGrpsByClass[1][4].solRsd.perSubGrps := [];;

sympGrps[10,2].maxSubGrpsByClass[1][5] := rec();;
sympGrps[10,2].maxSubGrpsByClass[1][5].self :=
Group(
[
    [ 1,  1,  0,  0,  0,  0,  0,  0,  0,  0],
    [ 0,  1,  0,  0,  0,  0,  0,  0,  0,  0],
    [ 0,  0,  1,  0,  0,  0,  0,  0,  0,  0],
    [ 0,  0,  0,  1,  0,  0,  0,  0,  0,  0],
    [ 0,  0,  0,  0,  1,  0,  0,  0,  0,  0],
    [ 0,  0,  0,  0,  0,  1,  0,  0,  0,  0],
    [ 0,  0,  0,  0,  0,  0,  1,  0,  0,  0],
    [ 0,  0,  0,  0,  0,  0,  0,  1,  0,  0],
    [ 0,  0,  0,  0,  0,  0,  0,  0,  1,  1],
    [ 0,  0,  0,  0,  0,  0,  0,  0,  0,  1]
]
* Z(2)
,
[
    [ 0,  0,  0,  0,  1,  0,  0,  0,  0,  0],
    [ 1,  0,  0,  0,  0,  0,  0,  0,  0,  0],
    [ 0,  1,  0,  0,  0,  0,  0,  0,  0,  0],
    [ 0,  0,  1,  0,  0,  0,  0,  0,  0,  0],
    [ 0,  0,  0,  1,  0,  0,  0,  0,  0,  0],
    [ 0,  0,  0,  0,  0,  0,  1,  0,  0,  0],
    [ 0,  0,  0,  0,  0,  0,  0,  1,  0,  0],
    [ 0,  0,  0,  0,  0,  0,  0,  0,  1,  0],
    [ 0,  0,  0,  0,  0,  0,  0,  0,  0,  1],
    [ 0,  0,  0,  0,  0,  1,  0,  0,  0,  0]
]
* Z(2)
,
[
    [ 1,  0,  0,  0,  0,  0,  0,  0,  0,  0],
    [ 0,  1,  0,  0,  0,  0,  0,  0,  0,  0],
    [ 0,  0,  1,  0,  0,  0,  0,  0,  0,  0],
    [ 0,  0,  0,  1,  0,  0,  0,  0,  0,  0],
    [ 0,  0,  0,  0,  1,  0,  0,  0,  0,  0],
    [ 0,  0,  0,  0,  0,  1,  0,  0,  0,  0],
    [ 0,  0,  0,  0,  0,  0,  1,  0,  0,  0],
    [ 0,  0,  0,  0,  0,  0,  0,  1,  0,  0],
    [ 0,  0,  0,  0,  0,  0,  0,  0,  1,  0],
    [ 1,  0,  0,  0,  0,  0,  0,  0,  0,  1]
]
* Z(2)
);;
sympGrps[10,2].maxSubGrpsByClass[1][5].order := 327659028480;;
sympGrps[10,2].maxSubGrpsByClass[1][5].orderFactors := "2^25 * 3^2 * 5 * 7 * 31";;
sympGrps[10,2].maxSubGrpsByClass[1][5].strDsc := "";;
sympGrps[10,2].maxSubGrpsByClass[1][5].solRsd := rec();;
sympGrps[10,2].maxSubGrpsByClass[1][5].solRsd.self := "";;
sympGrps[10,2].maxSubGrpsByClass[1][5].solRsd.order := -1;;
sympGrps[10,2].maxSubGrpsByClass[1][5].solRsd.orderFactors := "";;
sympGrps[10,2].maxSubGrpsByClass[1][5].solRsd.strDsc := "";;
sympGrps[10,2].maxSubGrpsByClass[1][5].solRsd.perSubGrps := [];;

sympGrps[10,2].maxSubGrpsByClass[1][6] := rec();;
sympGrps[10,2].maxSubGrpsByClass[1][6].self :=
Group(
[
    [ 1,  0,  0,  0,  0,  0,  0,  0,  0,  0],
    [ 0,  1,  0,  0,  1,  0,  0,  0,  1,  0],
    [ 0,  0,  1,  0,  0,  0,  0,  0,  0,  0],
    [ 0,  0,  0,  1,  0,  0,  0,  0,  0,  0],
    [ 0,  0,  0,  0,  1,  0,  0,  0,  0,  0],
    [ 0,  0,  0,  0,  0,  1,  0,  0,  1,  0],
    [ 0,  0,  0,  0,  0,  0,  1,  0,  0,  0],
    [ 0,  0,  0,  0,  0,  0,  0,  1,  0,  0],
    [ 0,  0,  0,  0,  0,  0,  0,  0,  1,  0],
    [ 0,  0,  0,  0,  0,  0,  0,  0,  0,  1]
]
* Z(2)
,
[
    [ 1,  0,  0,  0,  0,  0,  0,  0,  0,  0],
    [ 0,  0,  0,  0,  0,  1,  0,  0,  0,  0],
    [ 0,  1,  0,  0,  0,  0,  0,  0,  0,  0],
    [ 0,  0,  1,  0,  0,  0,  0,  0,  0,  0],
    [ 0,  0,  0,  1,  0,  0,  0,  0,  0,  0],
    [ 0,  0,  0,  0,  0,  0,  1,  0,  0,  0],
    [ 0,  0,  0,  0,  0,  0,  0,  1,  0,  0],
    [ 0,  0,  0,  0,  0,  0,  0,  0,  1,  0],
    [ 0,  0,  0,  0,  1,  0,  0,  0,  0,  0],
    [ 0,  0,  0,  0,  0,  0,  0,  0,  0,  1]
]
* Z(2)
,
[
    [ 1,  0,  0,  0,  0,  0,  0,  0,  0,  1],
    [ 0,  1,  0,  0,  0,  0,  0,  0,  0,  0],
    [ 0,  0,  1,  0,  0,  0,  0,  0,  0,  0],
    [ 0,  0,  0,  1,  0,  0,  0,  0,  0,  0],
    [ 0,  0,  0,  0,  1,  0,  0,  0,  0,  0],
    [ 0,  0,  0,  0,  0,  1,  0,  0,  0,  0],
    [ 0,  0,  0,  0,  0,  0,  1,  0,  0,  0],
    [ 0,  0,  0,  0,  0,  0,  0,  1,  0,  0],
    [ 0,  0,  0,  0,  0,  0,  0,  0,  1,  0],
    [ 0,  0,  0,  0,  0,  0,  0,  0,  0,  1]
]
* Z(2)
,
[
    [ 0,  0,  0,  0,  0,  0,  0,  0,  0,  1],
    [ 0,  1,  0,  0,  0,  0,  0,  0,  0,  0],
    [ 0,  0,  1,  0,  0,  0,  0,  0,  0,  0],
    [ 0,  0,  0,  1,  0,  0,  0,  0,  0,  0],
    [ 0,  0,  0,  0,  1,  0,  0,  0,  0,  0],
    [ 0,  0,  0,  0,  0,  1,  0,  0,  0,  0],
    [ 0,  0,  0,  0,  0,  0,  1,  0,  0,  0],
    [ 0,  0,  0,  0,  0,  0,  0,  1,  0,  0],
    [ 0,  0,  0,  0,  0,  0,  0,  0,  1,  0],
    [ 1,  0,  0,  0,  0,  0,  0,  0,  0,  0]
]
* Z(2)
);;
sympGrps[10,2].maxSubGrpsByClass[1][6].order := 284265676800;;
sympGrps[10,2].maxSubGrpsByClass[1][6].orderFactors := "2^17 * 3^6 * 5^2 * 7 * 17";;
sympGrps[10,2].maxSubGrpsByClass[1][6].strDsc := "";;
sympGrps[10,2].maxSubGrpsByClass[1][6].solRsd := rec();;
sympGrps[10,2].maxSubGrpsByClass[1][6].solRsd.self := "";;
sympGrps[10,2].maxSubGrpsByClass[1][6].solRsd.order := -1;;
sympGrps[10,2].maxSubGrpsByClass[1][6].solRsd.orderFactors := "";;
sympGrps[10,2].maxSubGrpsByClass[1][6].solRsd.strDsc := "";;
sympGrps[10,2].maxSubGrpsByClass[1][6].solRsd.perSubGrps := [];;

sympGrps[10,2].maxSubGrpsByClass[1][7] := rec();;
sympGrps[10,2].maxSubGrpsByClass[1][7].self :=
Group(
[
    [ 1,  0,  0,  0,  0,  0,  0,  0,  0,  0],
    [ 0,  1,  0,  0,  0,  0,  0,  0,  0,  0],
    [ 0,  0,  1,  0,  1,  0,  0,  1,  0,  0],
    [ 0,  0,  0,  1,  0,  0,  0,  0,  0,  0],
    [ 0,  0,  0,  0,  1,  0,  0,  0,  0,  0],
    [ 0,  0,  0,  0,  0,  1,  0,  1,  0,  0],
    [ 0,  0,  0,  0,  0,  0,  1,  0,  0,  0],
    [ 0,  0,  0,  0,  0,  0,  0,  1,  0,  0],
    [ 0,  0,  0,  0,  0,  0,  0,  0,  1,  0],
    [ 0,  0,  0,  0,  0,  0,  0,  0,  0,  1]
]
* Z(2)
,
[
    [ 1,  0,  0,  0,  0,  0,  0,  0,  0,  0],
    [ 0,  1,  0,  0,  0,  0,  0,  0,  0,  0],
    [ 0,  0,  0,  0,  0,  1,  0,  0,  0,  0],
    [ 0,  0,  1,  0,  0,  0,  0,  0,  0,  0],
    [ 0,  0,  0,  1,  0,  0,  0,  0,  0,  0],
    [ 0,  0,  0,  0,  0,  0,  1,  0,  0,  0],
    [ 0,  0,  0,  0,  0,  0,  0,  1,  0,  0],
    [ 0,  0,  0,  0,  1,  0,  0,  0,  0,  0],
    [ 0,  0,  0,  0,  0,  0,  0,  0,  1,  0],
    [ 0,  0,  0,  0,  0,  0,  0,  0,  0,  1]
]
* Z(2)
,
[
    [ 1,  0,  0,  0,  0,  0,  0,  0,  1,  1],
    [ 1,  0,  0,  0,  0,  0,  0,  0,  0,  1],
    [ 0,  0,  1,  0,  0,  0,  0,  0,  0,  0],
    [ 0,  0,  0,  1,  0,  0,  0,  0,  0,  0],
    [ 0,  0,  0,  0,  1,  0,  0,  0,  0,  0],
    [ 0,  0,  0,  0,  0,  1,  0,  0,  0,  0],
    [ 0,  0,  0,  0,  0,  0,  1,  0,  0,  0],
    [ 0,  0,  0,  0,  0,  0,  0,  1,  0,  0],
    [ 0,  1,  0,  0,  0,  0,  0,  0,  0,  1],
    [ 1,  1,  0,  0,  0,  0,  0,  0,  1,  1]
]
* Z(2)
,
[
    [ 0,  0,  0,  0,  0,  0,  0,  0,  1,  0],
    [ 1,  0,  0,  0,  0,  0,  0,  0,  0,  0],
    [ 0,  0,  1,  0,  0,  0,  0,  0,  0,  0],
    [ 0,  0,  0,  1,  0,  0,  0,  0,  0,  0],
    [ 0,  0,  0,  0,  1,  0,  0,  0,  0,  0],
    [ 0,  0,  0,  0,  0,  1,  0,  0,  0,  0],
    [ 0,  0,  0,  0,  0,  0,  1,  0,  0,  0],
    [ 0,  0,  0,  0,  0,  0,  0,  1,  0,  0],
    [ 0,  0,  0,  0,  0,  0,  0,  0,  0,  1],
    [ 0,  1,  0,  0,  0,  0,  0,  0,  0,  0]
]
* Z(2)
);;
sympGrps[10,2].maxSubGrpsByClass[1][7].order := 1045094400;;
sympGrps[10,2].maxSubGrpsByClass[1][7].orderFactors := "2^13 * 3^6 * 5^2 * 7";;
sympGrps[10,2].maxSubGrpsByClass[1][7].strDsc := "";;
sympGrps[10,2].maxSubGrpsByClass[1][7].solRsd := rec();;
sympGrps[10,2].maxSubGrpsByClass[1][7].solRsd.self := "";;
sympGrps[10,2].maxSubGrpsByClass[1][7].solRsd.order := -1;;
sympGrps[10,2].maxSubGrpsByClass[1][7].solRsd.orderFactors := "";;
sympGrps[10,2].maxSubGrpsByClass[1][7].solRsd.strDsc := "";;
sympGrps[10,2].maxSubGrpsByClass[1][7].solRsd.perSubGrps := [];;

