sympGrps[8,2].maxSubGrpsByClass[1][1] := rec();;
sympGrps[8,2].maxSubGrpsByClass[1][1].self :=
Group(
[
    [ 1,  0,  0,  0,  0,  0,  0,  0],
    [ 0,  1,  0,  1,  0,  0,  1,  0],
    [ 0,  0,  1,  0,  0,  0,  0,  0],
    [ 0,  0,  0,  1,  0,  0,  0,  0],
    [ 0,  0,  0,  0,  1,  0,  1,  0],
    [ 0,  0,  0,  0,  0,  1,  0,  0],
    [ 0,  0,  0,  0,  0,  0,  1,  0],
    [ 0,  0,  0,  0,  0,  0,  0,  1]
]
* Z(2)
,
[
    [ 1,  0,  0,  0,  0,  0,  0,  0],
    [ 0,  0,  0,  0,  1,  0,  0,  0],
    [ 0,  1,  0,  0,  0,  0,  0,  0],
    [ 0,  0,  1,  0,  0,  0,  0,  0],
    [ 0,  0,  0,  0,  0,  1,  0,  0],
    [ 0,  0,  0,  0,  0,  0,  1,  0],
    [ 0,  0,  0,  1,  0,  0,  0,  0],
    [ 0,  0,  0,  0,  0,  0,  0,  1]
]
* Z(2)
,
[
    [ 1,  0,  0,  0,  0,  0,  0,  0],
    [ 0,  1,  0,  0,  0,  0,  0,  0],
    [ 0,  0,  1,  0,  0,  0,  0,  0],
    [ 0,  0,  0,  1,  0,  0,  0,  0],
    [ 0,  0,  0,  0,  1,  0,  0,  0],
    [ 0,  0,  0,  0,  0,  1,  0,  0],
    [ 0,  0,  0,  0,  0,  0,  1,  0],
    [ 1,  0,  0,  0,  0,  0,  0,  1]
]
* Z(2)
,
[
    [ 1,  0,  0,  0,  0,  0,  0,  0],
    [ 0,  1,  0,  0,  0,  0,  0,  0],
    [ 0,  0,  1,  0,  0,  0,  0,  0],
    [ 0,  0,  0,  1,  0,  0,  0,  0],
    [ 0,  0,  0,  0,  1,  0,  0,  0],
    [ 0,  0,  0,  0,  0,  1,  0,  0],
    [ 1,  1,  0,  0,  0,  0,  1,  0],
    [ 1,  1,  0,  0,  0,  0,  0,  1]
]
* Z(2)
);;
sympGrps[8,2].maxSubGrpsByClass[1][1].order := 185794560;;
sympGrps[8,2].maxSubGrpsByClass[1][1].orderFactors := "2^16 * 3^4 * 5 * 7";;
sympGrps[8,2].maxSubGrpsByClass[1][1].strDsc := "";;
sympGrps[8,2].maxSubGrpsByClass[1][1].solRsd := rec();;
sympGrps[8,2].maxSubGrpsByClass[1][1].solRsd.self := "";;
sympGrps[8,2].maxSubGrpsByClass[1][1].solRsd.order := -1;;
sympGrps[8,2].maxSubGrpsByClass[1][1].solRsd.orderFactors := "";;
sympGrps[8,2].maxSubGrpsByClass[1][1].solRsd.strDsc := "";;
sympGrps[8,2].maxSubGrpsByClass[1][1].solRsd.perSubGrps := [];;

sympGrps[8,2].maxSubGrpsByClass[1][2] := rec();;
sympGrps[8,2].maxSubGrpsByClass[1][2].self :=
Group(
[
    [ 1,  1,  0,  0,  0,  0,  0,  0],
    [ 0,  1,  0,  0,  0,  0,  0,  0],
    [ 0,  0,  1,  0,  0,  0,  0,  0],
    [ 0,  0,  0,  1,  0,  0,  0,  0],
    [ 0,  0,  0,  0,  1,  0,  0,  0],
    [ 0,  0,  0,  0,  0,  1,  0,  0],
    [ 0,  0,  0,  0,  0,  0,  1,  1],
    [ 0,  0,  0,  0,  0,  0,  0,  1]
]
* Z(2)
,
[
    [ 0,  1,  0,  0,  0,  0,  0,  0],
    [ 1,  0,  0,  0,  0,  0,  0,  0],
    [ 0,  0,  1,  0,  0,  0,  0,  0],
    [ 0,  0,  0,  1,  0,  0,  0,  0],
    [ 0,  0,  0,  0,  1,  0,  0,  0],
    [ 0,  0,  0,  0,  0,  1,  0,  0],
    [ 0,  0,  0,  0,  0,  0,  0,  1],
    [ 0,  0,  0,  0,  0,  0,  1,  0]
]
* Z(2)
,
[
    [ 1,  0,  0,  0,  0,  0,  0,  0],
    [ 0,  1,  0,  0,  0,  0,  0,  0],
    [ 0,  0,  1,  0,  1,  1,  0,  0],
    [ 0,  0,  1,  0,  0,  1,  0,  0],
    [ 0,  0,  0,  1,  0,  1,  0,  0],
    [ 0,  0,  1,  1,  1,  1,  0,  0],
    [ 0,  0,  0,  0,  0,  0,  1,  0],
    [ 0,  0,  0,  0,  0,  0,  0,  1]
]
* Z(2)
,
[
    [ 1,  0,  0,  0,  0,  0,  0,  0],
    [ 0,  1,  0,  0,  0,  0,  0,  0],
    [ 0,  0,  0,  0,  1,  0,  0,  0],
    [ 0,  0,  1,  0,  0,  0,  0,  0],
    [ 0,  0,  0,  0,  0,  1,  0,  0],
    [ 0,  0,  0,  1,  0,  0,  0,  0],
    [ 0,  0,  0,  0,  0,  0,  1,  0],
    [ 0,  0,  0,  0,  0,  0,  0,  1]
]
* Z(2)
,
[
    [ 1,  0,  0,  0,  0,  0,  0,  0],
    [ 0,  1,  0,  0,  0,  0,  0,  0],
    [ 0,  0,  1,  0,  0,  0,  0,  0],
    [ 0,  0,  0,  1,  0,  0,  0,  0],
    [ 0,  0,  0,  0,  1,  0,  0,  0],
    [ 0,  0,  0,  0,  0,  1,  0,  0],
    [ 0,  0,  0,  0,  0,  0,  1,  0],
    [ 1,  0,  0,  0,  0,  0,  0,  1]
]
* Z(2)
,
[
    [ 1,  0,  0,  0,  0,  0,  0,  0],
    [ 0,  1,  0,  0,  0,  0,  0,  0],
    [ 1,  0,  1,  0,  0,  0,  0,  0],
    [ 0,  0,  0,  1,  0,  0,  0,  0],
    [ 0,  0,  0,  0,  1,  0,  0,  0],
    [ 0,  0,  0,  0,  0,  1,  0,  0],
    [ 0,  0,  0,  0,  0,  0,  1,  0],
    [ 0,  0,  0,  0,  0,  1,  0,  1]
]
* Z(2)
);;
sympGrps[8,2].maxSubGrpsByClass[1][2].order := 8847360;;
sympGrps[8,2].maxSubGrpsByClass[1][2].orderFactors := "2^16 * 3^3 * 5";;
sympGrps[8,2].maxSubGrpsByClass[1][2].strDsc := "";;
sympGrps[8,2].maxSubGrpsByClass[1][2].solRsd := rec();;
sympGrps[8,2].maxSubGrpsByClass[1][2].solRsd.self := "";;
sympGrps[8,2].maxSubGrpsByClass[1][2].solRsd.order := -1;;
sympGrps[8,2].maxSubGrpsByClass[1][2].solRsd.orderFactors := "";;
sympGrps[8,2].maxSubGrpsByClass[1][2].solRsd.strDsc := "";;
sympGrps[8,2].maxSubGrpsByClass[1][2].solRsd.perSubGrps := [];;

sympGrps[8,2].maxSubGrpsByClass[1][3] := rec();;
sympGrps[8,2].maxSubGrpsByClass[1][3].self :=
Group(
[
    [ 1,  1,  0,  0,  0,  0,  0,  0],
    [ 0,  1,  0,  0,  0,  0,  0,  0],
    [ 0,  0,  1,  0,  0,  0,  0,  0],
    [ 0,  0,  0,  1,  0,  0,  0,  0],
    [ 0,  0,  0,  0,  1,  0,  0,  0],
    [ 0,  0,  0,  0,  0,  1,  0,  0],
    [ 0,  0,  0,  0,  0,  0,  1,  1],
    [ 0,  0,  0,  0,  0,  0,  0,  1]
]
* Z(2)
,
[
    [ 0,  0,  1,  0,  0,  0,  0,  0],
    [ 1,  0,  0,  0,  0,  0,  0,  0],
    [ 0,  1,  0,  0,  0,  0,  0,  0],
    [ 0,  0,  0,  1,  0,  0,  0,  0],
    [ 0,  0,  0,  0,  1,  0,  0,  0],
    [ 0,  0,  0,  0,  0,  0,  1,  0],
    [ 0,  0,  0,  0,  0,  0,  0,  1],
    [ 0,  0,  0,  0,  0,  1,  0,  0]
]
* Z(2)
,
[
    [ 1,  0,  0,  0,  0,  0,  0,  0],
    [ 0,  1,  0,  0,  0,  0,  0,  0],
    [ 0,  0,  1,  0,  0,  0,  0,  0],
    [ 0,  0,  0,  1,  1,  0,  0,  0],
    [ 0,  0,  0,  0,  1,  0,  0,  0],
    [ 0,  0,  0,  0,  0,  1,  0,  0],
    [ 0,  0,  0,  0,  0,  0,  1,  0],
    [ 0,  0,  0,  0,  0,  0,  0,  1]
]
* Z(2)
,
[
    [ 1,  0,  0,  0,  0,  0,  0,  0],
    [ 0,  1,  0,  0,  0,  0,  0,  0],
    [ 0,  0,  1,  0,  0,  0,  0,  0],
    [ 0,  0,  0,  0,  1,  0,  0,  0],
    [ 0,  0,  0,  1,  0,  0,  0,  0],
    [ 0,  0,  0,  0,  0,  1,  0,  0],
    [ 0,  0,  0,  0,  0,  0,  1,  0],
    [ 0,  0,  0,  0,  0,  0,  0,  1]
]
* Z(2)
,
[
    [ 1,  0,  0,  0,  0,  0,  0,  0],
    [ 0,  1,  0,  0,  0,  0,  0,  0],
    [ 0,  0,  1,  0,  0,  0,  0,  0],
    [ 0,  0,  0,  1,  0,  0,  0,  0],
    [ 0,  0,  0,  0,  1,  0,  0,  0],
    [ 0,  0,  0,  0,  0,  1,  0,  0],
    [ 0,  0,  0,  0,  0,  0,  1,  0],
    [ 1,  0,  0,  0,  0,  0,  0,  1]
]
* Z(2)
,
[
    [ 1,  0,  0,  0,  0,  0,  0,  0],
    [ 0,  1,  0,  0,  0,  0,  0,  0],
    [ 0,  0,  1,  0,  0,  0,  0,  0],
    [ 1,  0,  0,  1,  0,  0,  0,  0],
    [ 0,  0,  0,  0,  1,  0,  0,  0],
    [ 0,  0,  0,  0,  0,  1,  0,  0],
    [ 0,  0,  0,  0,  0,  0,  1,  0],
    [ 0,  0,  0,  0,  1,  0,  0,  1]
]
* Z(2)
);;
sympGrps[8,2].maxSubGrpsByClass[1][3].order := 4128768;;
sympGrps[8,2].maxSubGrpsByClass[1][3].orderFactors := "2^16 * 3^2 * 7";;
sympGrps[8,2].maxSubGrpsByClass[1][3].strDsc := "";;
sympGrps[8,2].maxSubGrpsByClass[1][3].solRsd := rec();;
sympGrps[8,2].maxSubGrpsByClass[1][3].solRsd.self := "";;
sympGrps[8,2].maxSubGrpsByClass[1][3].solRsd.order := -1;;
sympGrps[8,2].maxSubGrpsByClass[1][3].solRsd.orderFactors := "";;
sympGrps[8,2].maxSubGrpsByClass[1][3].solRsd.strDsc := "";;
sympGrps[8,2].maxSubGrpsByClass[1][3].solRsd.perSubGrps := [];;

sympGrps[8,2].maxSubGrpsByClass[1][4] := rec();;
sympGrps[8,2].maxSubGrpsByClass[1][4].self :=
Group(
[
    [ 1,  1,  0,  0,  0,  0,  0,  0],
    [ 0,  1,  0,  0,  0,  0,  0,  0],
    [ 0,  0,  1,  0,  0,  0,  0,  0],
    [ 0,  0,  0,  1,  0,  0,  0,  0],
    [ 0,  0,  0,  0,  1,  0,  0,  0],
    [ 0,  0,  0,  0,  0,  1,  0,  0],
    [ 0,  0,  0,  0,  0,  0,  1,  1],
    [ 0,  0,  0,  0,  0,  0,  0,  1]
]
* Z(2)
,
[
    [ 0,  0,  0,  1,  0,  0,  0,  0],
    [ 1,  0,  0,  0,  0,  0,  0,  0],
    [ 0,  1,  0,  0,  0,  0,  0,  0],
    [ 0,  0,  1,  0,  0,  0,  0,  0],
    [ 0,  0,  0,  0,  0,  1,  0,  0],
    [ 0,  0,  0,  0,  0,  0,  1,  0],
    [ 0,  0,  0,  0,  0,  0,  0,  1],
    [ 0,  0,  0,  0,  1,  0,  0,  0]
]
* Z(2)
,
[
    [ 1,  0,  0,  0,  0,  0,  0,  0],
    [ 0,  1,  0,  0,  0,  0,  0,  0],
    [ 0,  0,  1,  0,  0,  0,  0,  0],
    [ 0,  0,  0,  1,  0,  0,  0,  0],
    [ 0,  0,  0,  0,  1,  0,  0,  0],
    [ 0,  0,  0,  0,  0,  1,  0,  0],
    [ 0,  0,  0,  0,  0,  0,  1,  0],
    [ 1,  0,  0,  0,  0,  0,  0,  1]
]
* Z(2)
);;
sympGrps[8,2].maxSubGrpsByClass[1][4].order := 20643840;;
sympGrps[8,2].maxSubGrpsByClass[1][4].orderFactors := "2^16 * 3^2 * 5 * 7";;
sympGrps[8,2].maxSubGrpsByClass[1][4].strDsc := "";;
sympGrps[8,2].maxSubGrpsByClass[1][4].solRsd := rec();;
sympGrps[8,2].maxSubGrpsByClass[1][4].solRsd.self := "";;
sympGrps[8,2].maxSubGrpsByClass[1][4].solRsd.order := -1;;
sympGrps[8,2].maxSubGrpsByClass[1][4].solRsd.orderFactors := "";;
sympGrps[8,2].maxSubGrpsByClass[1][4].solRsd.strDsc := "";;
sympGrps[8,2].maxSubGrpsByClass[1][4].solRsd.perSubGrps := [];;

sympGrps[8,2].maxSubGrpsByClass[1][5] := rec();;
sympGrps[8,2].maxSubGrpsByClass[1][5].self :=
Group(
[
    [ 1,  0,  0,  0,  0,  0,  0,  0],
    [ 0,  1,  0,  1,  0,  0,  1,  0],
    [ 0,  0,  1,  0,  0,  0,  0,  0],
    [ 0,  0,  0,  1,  0,  0,  0,  0],
    [ 0,  0,  0,  0,  1,  0,  1,  0],
    [ 0,  0,  0,  0,  0,  1,  0,  0],
    [ 0,  0,  0,  0,  0,  0,  1,  0],
    [ 0,  0,  0,  0,  0,  0,  0,  1]
]
* Z(2)
,
[
    [ 1,  0,  0,  0,  0,  0,  0,  0],
    [ 0,  0,  0,  0,  1,  0,  0,  0],
    [ 0,  1,  0,  0,  0,  0,  0,  0],
    [ 0,  0,  1,  0,  0,  0,  0,  0],
    [ 0,  0,  0,  0,  0,  1,  0,  0],
    [ 0,  0,  0,  0,  0,  0,  1,  0],
    [ 0,  0,  0,  1,  0,  0,  0,  0],
    [ 0,  0,  0,  0,  0,  0,  0,  1]
]
* Z(2)
,
[
    [ 1,  0,  0,  0,  0,  0,  0,  1],
    [ 0,  1,  0,  0,  0,  0,  0,  0],
    [ 0,  0,  1,  0,  0,  0,  0,  0],
    [ 0,  0,  0,  1,  0,  0,  0,  0],
    [ 0,  0,  0,  0,  1,  0,  0,  0],
    [ 0,  0,  0,  0,  0,  1,  0,  0],
    [ 0,  0,  0,  0,  0,  0,  1,  0],
    [ 0,  0,  0,  0,  0,  0,  0,  1]
]
* Z(2)
,
[
    [ 0,  0,  0,  0,  0,  0,  0,  1],
    [ 0,  1,  0,  0,  0,  0,  0,  0],
    [ 0,  0,  1,  0,  0,  0,  0,  0],
    [ 0,  0,  0,  1,  0,  0,  0,  0],
    [ 0,  0,  0,  0,  1,  0,  0,  0],
    [ 0,  0,  0,  0,  0,  1,  0,  0],
    [ 0,  0,  0,  0,  0,  0,  1,  0],
    [ 1,  0,  0,  0,  0,  0,  0,  0]
]
* Z(2)
);;
sympGrps[8,2].maxSubGrpsByClass[1][5].order := 8709120;;
sympGrps[8,2].maxSubGrpsByClass[1][5].orderFactors := "2^10 * 3^5 * 5 * 7";;
sympGrps[8,2].maxSubGrpsByClass[1][5].strDsc := "";;
sympGrps[8,2].maxSubGrpsByClass[1][5].solRsd := rec();;
sympGrps[8,2].maxSubGrpsByClass[1][5].solRsd.self := "";;
sympGrps[8,2].maxSubGrpsByClass[1][5].solRsd.order := -1;;
sympGrps[8,2].maxSubGrpsByClass[1][5].solRsd.orderFactors := "";;
sympGrps[8,2].maxSubGrpsByClass[1][5].solRsd.strDsc := "";;
sympGrps[8,2].maxSubGrpsByClass[1][5].solRsd.perSubGrps := [];;

