sympGrps[8,3].maxSubGrpsByClass[1][1] := rec();;
sympGrps[8,3].maxSubGrpsByClass[1][1].self :=
Group(
[
    [ 1,  0,  0,  0,  0,  0,  0,  0],
    [ 0,  2,  0,  0,  0,  0,  0,  0],
    [ 0,  0,  2,  0,  0,  0,  0,  0],
    [ 0,  0,  0,  2,  0,  0,  0,  0],
    [ 0,  0,  0,  0,  2,  0,  0,  0],
    [ 0,  0,  0,  0,  0,  2,  0,  0],
    [ 0,  0,  0,  0,  0,  0,  2,  0],
    [ 0,  0,  0,  0,  0,  0,  0,  1]
]
* Z(3)
,
[
    [ 2,  0,  0,  0,  0,  0,  0,  0],
    [ 0,  1,  0,  0,  0,  0,  0,  0],
    [ 0,  0,  2,  0,  0,  0,  0,  0],
    [ 0,  0,  0,  2,  0,  0,  0,  0],
    [ 0,  0,  0,  0,  2,  0,  0,  0],
    [ 0,  0,  0,  0,  0,  2,  0,  0],
    [ 0,  0,  0,  0,  0,  0,  1,  0],
    [ 0,  0,  0,  0,  0,  0,  0,  2]
]
* Z(3)
,
[
    [ 2,  0,  0,  0,  0,  0,  0,  0],
    [ 0,  2,  0,  0,  2,  0,  0,  0],
    [ 0,  2,  0,  0,  0,  0,  0,  0],
    [ 0,  0,  2,  0,  0,  0,  0,  0],
    [ 0,  0,  0,  0,  0,  2,  0,  0],
    [ 0,  0,  0,  2,  0,  0,  2,  0],
    [ 0,  0,  0,  1,  0,  0,  0,  0],
    [ 0,  0,  0,  0,  0,  0,  0,  2]
]
* Z(3)
,
[
    [ 2,  0,  0,  0,  0,  0,  0,  0],
    [ 0,  2,  0,  0,  0,  0,  0,  0],
    [ 0,  0,  2,  0,  0,  0,  0,  0],
    [ 0,  0,  0,  2,  0,  0,  0,  0],
    [ 0,  0,  0,  0,  2,  0,  0,  0],
    [ 0,  0,  0,  0,  0,  2,  0,  0],
    [ 0,  0,  0,  0,  0,  0,  2,  0],
    [ 2,  0,  0,  0,  0,  0,  0,  2]
]
* Z(3)
,
[
    [ 2,  0,  0,  0,  0,  0,  0,  0],
    [ 0,  1,  0,  0,  0,  0,  0,  0],
    [ 0,  0,  1,  0,  0,  0,  0,  0],
    [ 0,  0,  0,  1,  0,  0,  0,  0],
    [ 0,  0,  0,  0,  1,  0,  0,  0],
    [ 0,  0,  0,  0,  0,  1,  0,  0],
    [ 2,  2,  0,  0,  0,  0,  1,  0],
    [ 2,  1,  0,  0,  0,  0,  0,  2]
]
* Z(3)
);;
sympGrps[8,3].maxSubGrpsByClass[1][1].order := 40112656496640;;
sympGrps[8,3].maxSubGrpsByClass[1][1].orderFactors := "2^11 * 3^16 * 5 * 7 * 13";;
sympGrps[8,3].maxSubGrpsByClass[1][1].strDsc := "";;
sympGrps[8,3].maxSubGrpsByClass[1][1].solRsd := rec();;
sympGrps[8,3].maxSubGrpsByClass[1][1].solRsd.self := "";;
sympGrps[8,3].maxSubGrpsByClass[1][1].solRsd.order := -1;;
sympGrps[8,3].maxSubGrpsByClass[1][1].solRsd.orderFactors := "";;
sympGrps[8,3].maxSubGrpsByClass[1][1].solRsd.strDsc := "";;
sympGrps[8,3].maxSubGrpsByClass[1][1].solRsd.perSubGrps := [];;

sympGrps[8,3].maxSubGrpsByClass[1][2] := rec();;
sympGrps[8,3].maxSubGrpsByClass[1][2].self :=
Group(
[
    [ 1,  0,  0,  0,  0,  0,  0,  0],
    [ 0,  2,  0,  0,  0,  0,  0,  0],
    [ 0,  0,  2,  0,  0,  0,  0,  0],
    [ 0,  0,  0,  2,  0,  0,  0,  0],
    [ 0,  0,  0,  0,  2,  0,  0,  0],
    [ 0,  0,  0,  0,  0,  2,  0,  0],
    [ 0,  0,  0,  0,  0,  0,  2,  0],
    [ 0,  0,  0,  0,  0,  0,  0,  1]
]
* Z(3)
,
[
    [ 1,  2,  0,  0,  0,  0,  0,  0],
    [ 1,  0,  0,  0,  0,  0,  0,  0],
    [ 0,  0,  2,  0,  0,  0,  0,  0],
    [ 0,  0,  0,  2,  0,  0,  0,  0],
    [ 0,  0,  0,  0,  2,  0,  0,  0],
    [ 0,  0,  0,  0,  0,  2,  0,  0],
    [ 0,  0,  0,  0,  0,  0,  1,  1],
    [ 0,  0,  0,  0,  0,  0,  2,  0]
]
* Z(3)
,
[
    [ 2,  0,  0,  0,  0,  0,  0,  0],
    [ 0,  2,  0,  0,  0,  0,  0,  0],
    [ 0,  0,  1,  0,  0,  0,  0,  0],
    [ 0,  0,  0,  2,  0,  0,  0,  0],
    [ 0,  0,  0,  0,  2,  0,  0,  0],
    [ 0,  0,  0,  0,  0,  1,  0,  0],
    [ 0,  0,  0,  0,  0,  0,  2,  0],
    [ 0,  0,  0,  0,  0,  0,  0,  2]
]
* Z(3)
,
[
    [ 2,  0,  0,  0,  0,  0,  0,  0],
    [ 0,  2,  0,  0,  0,  0,  0,  0],
    [ 0,  0,  2,  0,  2,  0,  0,  0],
    [ 0,  0,  2,  0,  0,  0,  0,  0],
    [ 0,  0,  0,  2,  0,  2,  0,  0],
    [ 0,  0,  0,  1,  0,  0,  0,  0],
    [ 0,  0,  0,  0,  0,  0,  2,  0],
    [ 0,  0,  0,  0,  0,  0,  0,  2]
]
* Z(3)
,
[
    [ 2,  0,  0,  0,  0,  0,  0,  0],
    [ 0,  2,  0,  0,  0,  0,  0,  0],
    [ 0,  0,  2,  0,  0,  0,  0,  0],
    [ 0,  0,  0,  2,  0,  0,  0,  0],
    [ 0,  0,  0,  0,  2,  0,  0,  0],
    [ 0,  0,  0,  0,  0,  2,  0,  0],
    [ 0,  0,  0,  0,  0,  0,  2,  0],
    [ 2,  0,  0,  0,  0,  0,  0,  2]
]
* Z(3)
,
[
    [ 2,  0,  0,  0,  0,  0,  0,  0],
    [ 0,  2,  0,  0,  0,  0,  0,  0],
    [ 1,  0,  2,  0,  0,  0,  0,  0],
    [ 0,  0,  0,  2,  0,  0,  0,  0],
    [ 0,  0,  0,  0,  2,  0,  0,  0],
    [ 0,  0,  0,  0,  0,  2,  0,  0],
    [ 0,  0,  0,  0,  0,  0,  2,  0],
    [ 0,  0,  0,  0,  0,  2,  0,  2]
]
* Z(3)
);;
sympGrps[8,3].maxSubGrpsByClass[1][2].order := 440798423040;;
sympGrps[8,3].maxSubGrpsByClass[1][2].orderFactors := "2^11 * 3^16 * 5";;
sympGrps[8,3].maxSubGrpsByClass[1][2].strDsc := "";;
sympGrps[8,3].maxSubGrpsByClass[1][2].solRsd := rec();;
sympGrps[8,3].maxSubGrpsByClass[1][2].solRsd.self := "";;
sympGrps[8,3].maxSubGrpsByClass[1][2].solRsd.order := -1;;
sympGrps[8,3].maxSubGrpsByClass[1][2].solRsd.orderFactors := "";;
sympGrps[8,3].maxSubGrpsByClass[1][2].solRsd.strDsc := "";;
sympGrps[8,3].maxSubGrpsByClass[1][2].solRsd.perSubGrps := [];;

sympGrps[8,3].maxSubGrpsByClass[1][3] := rec();;
sympGrps[8,3].maxSubGrpsByClass[1][3].self :=
Group(
[
    [ 1,  0,  0,  0,  0,  0,  0,  0],
    [ 0,  2,  0,  0,  0,  0,  0,  0],
    [ 0,  0,  2,  0,  0,  0,  0,  0],
    [ 0,  0,  0,  2,  0,  0,  0,  0],
    [ 0,  0,  0,  0,  2,  0,  0,  0],
    [ 0,  0,  0,  0,  0,  2,  0,  0],
    [ 0,  0,  0,  0,  0,  0,  2,  0],
    [ 0,  0,  0,  0,  0,  0,  0,  1]
]
* Z(3)
,
[
    [ 1,  0,  2,  0,  0,  0,  0,  0],
    [ 1,  0,  0,  0,  0,  0,  0,  0],
    [ 0,  1,  0,  0,  0,  0,  0,  0],
    [ 0,  0,  0,  2,  0,  0,  0,  0],
    [ 0,  0,  0,  0,  2,  0,  0,  0],
    [ 0,  0,  0,  0,  0,  0,  1,  0],
    [ 0,  0,  0,  0,  0,  1,  0,  1],
    [ 0,  0,  0,  0,  0,  2,  0,  0]
]
* Z(3)
,
[
    [ 2,  0,  0,  0,  0,  0,  0,  0],
    [ 0,  2,  0,  0,  0,  0,  0,  0],
    [ 0,  0,  2,  0,  0,  0,  0,  0],
    [ 0,  0,  0,  2,  2,  0,  0,  0],
    [ 0,  0,  0,  0,  2,  0,  0,  0],
    [ 0,  0,  0,  0,  0,  2,  0,  0],
    [ 0,  0,  0,  0,  0,  0,  2,  0],
    [ 0,  0,  0,  0,  0,  0,  0,  2]
]
* Z(3)
,
[
    [ 2,  0,  0,  0,  0,  0,  0,  0],
    [ 0,  2,  0,  0,  0,  0,  0,  0],
    [ 0,  0,  2,  0,  0,  0,  0,  0],
    [ 0,  0,  0,  0,  2,  0,  0,  0],
    [ 0,  0,  0,  1,  0,  0,  0,  0],
    [ 0,  0,  0,  0,  0,  2,  0,  0],
    [ 0,  0,  0,  0,  0,  0,  2,  0],
    [ 0,  0,  0,  0,  0,  0,  0,  2]
]
* Z(3)
,
[
    [ 2,  0,  0,  0,  0,  0,  0,  0],
    [ 0,  2,  0,  0,  0,  0,  0,  0],
    [ 0,  0,  2,  0,  0,  0,  0,  0],
    [ 0,  0,  0,  2,  0,  0,  0,  0],
    [ 0,  0,  0,  0,  2,  0,  0,  0],
    [ 0,  0,  0,  0,  0,  2,  0,  0],
    [ 0,  0,  0,  0,  0,  0,  2,  0],
    [ 2,  0,  0,  0,  0,  0,  0,  2]
]
* Z(3)
,
[
    [ 2,  0,  0,  0,  0,  0,  0,  0],
    [ 0,  2,  0,  0,  0,  0,  0,  0],
    [ 0,  0,  2,  0,  0,  0,  0,  0],
    [ 1,  0,  0,  2,  0,  0,  0,  0],
    [ 0,  0,  0,  0,  2,  0,  0,  0],
    [ 0,  0,  0,  0,  0,  2,  0,  0],
    [ 0,  0,  0,  0,  0,  0,  2,  0],
    [ 0,  0,  0,  0,  2,  0,  0,  2]
]
* Z(3)
);;
sympGrps[8,3].maxSubGrpsByClass[1][3].order := 143259487488;;
sympGrps[8,3].maxSubGrpsByClass[1][3].orderFactors := "2^8 * 3^16 * 13";;
sympGrps[8,3].maxSubGrpsByClass[1][3].strDsc := "";;
sympGrps[8,3].maxSubGrpsByClass[1][3].solRsd := rec();;
sympGrps[8,3].maxSubGrpsByClass[1][3].solRsd.self := "";;
sympGrps[8,3].maxSubGrpsByClass[1][3].solRsd.order := -1;;
sympGrps[8,3].maxSubGrpsByClass[1][3].solRsd.orderFactors := "";;
sympGrps[8,3].maxSubGrpsByClass[1][3].solRsd.strDsc := "";;
sympGrps[8,3].maxSubGrpsByClass[1][3].solRsd.perSubGrps := [];;

sympGrps[8,3].maxSubGrpsByClass[1][4] := rec();;
sympGrps[8,3].maxSubGrpsByClass[1][4].self :=
Group(
[
    [ 1,  0,  0,  0,  0,  0,  0,  0],
    [ 0,  2,  0,  0,  0,  0,  0,  0],
    [ 0,  0,  2,  0,  0,  0,  0,  0],
    [ 0,  0,  0,  2,  0,  0,  0,  0],
    [ 0,  0,  0,  0,  2,  0,  0,  0],
    [ 0,  0,  0,  0,  0,  2,  0,  0],
    [ 0,  0,  0,  0,  0,  0,  2,  0],
    [ 0,  0,  0,  0,  0,  0,  0,  1]
]
* Z(3)
,
[
    [ 1,  0,  0,  2,  0,  0,  0,  0],
    [ 1,  0,  0,  0,  0,  0,  0,  0],
    [ 0,  1,  0,  0,  0,  0,  0,  0],
    [ 0,  0,  1,  0,  0,  0,  0,  0],
    [ 0,  0,  0,  0,  0,  1,  0,  0],
    [ 0,  0,  0,  0,  0,  0,  1,  0],
    [ 0,  0,  0,  0,  1,  0,  0,  1],
    [ 0,  0,  0,  0,  2,  0,  0,  0]
]
* Z(3)
,
[
    [ 2,  0,  0,  0,  0,  0,  0,  0],
    [ 0,  2,  0,  0,  0,  0,  0,  0],
    [ 0,  0,  2,  0,  0,  0,  0,  0],
    [ 0,  0,  0,  2,  0,  0,  0,  0],
    [ 0,  0,  0,  0,  2,  0,  0,  0],
    [ 0,  0,  0,  0,  0,  2,  0,  0],
    [ 0,  0,  0,  0,  0,  0,  2,  0],
    [ 2,  0,  0,  0,  0,  0,  0,  2]
]
* Z(3)
);;
sympGrps[8,3].maxSubGrpsByClass[1][4].order := 1432594874880;;
sympGrps[8,3].maxSubGrpsByClass[1][4].orderFactors := "2^9 * 3^16 * 5 * 13";;
sympGrps[8,3].maxSubGrpsByClass[1][4].strDsc := "";;
sympGrps[8,3].maxSubGrpsByClass[1][4].solRsd := rec();;
sympGrps[8,3].maxSubGrpsByClass[1][4].solRsd.self := "";;
sympGrps[8,3].maxSubGrpsByClass[1][4].solRsd.order := -1;;
sympGrps[8,3].maxSubGrpsByClass[1][4].solRsd.orderFactors := "";;
sympGrps[8,3].maxSubGrpsByClass[1][4].solRsd.strDsc := "";;
sympGrps[8,3].maxSubGrpsByClass[1][4].solRsd.perSubGrps := [];;

sympGrps[8,3].maxSubGrpsByClass[1][5] := rec();;
sympGrps[8,3].maxSubGrpsByClass[1][5].self :=
Group(
[
    [ 2,  0,  0,  0,  0,  0,  0,  0],
    [ 0,  1,  0,  0,  0,  0,  0,  0],
    [ 0,  0,  2,  0,  0,  0,  0,  0],
    [ 0,  0,  0,  2,  0,  0,  0,  0],
    [ 0,  0,  0,  0,  2,  0,  0,  0],
    [ 0,  0,  0,  0,  0,  2,  0,  0],
    [ 0,  0,  0,  0,  0,  0,  1,  0],
    [ 0,  0,  0,  0,  0,  0,  0,  2]
]
* Z(3)
,
[
    [ 2,  0,  0,  0,  0,  0,  0,  0],
    [ 0,  2,  0,  0,  2,  0,  0,  0],
    [ 0,  2,  0,  0,  0,  0,  0,  0],
    [ 0,  0,  2,  0,  0,  0,  0,  0],
    [ 0,  0,  0,  0,  0,  2,  0,  0],
    [ 0,  0,  0,  2,  0,  0,  2,  0],
    [ 0,  0,  0,  1,  0,  0,  0,  0],
    [ 0,  0,  0,  0,  0,  0,  0,  2]
]
* Z(3)
,
[
    [ 2,  0,  0,  0,  0,  0,  0,  2],
    [ 0,  2,  0,  0,  0,  0,  0,  0],
    [ 0,  0,  2,  0,  0,  0,  0,  0],
    [ 0,  0,  0,  2,  0,  0,  0,  0],
    [ 0,  0,  0,  0,  2,  0,  0,  0],
    [ 0,  0,  0,  0,  0,  2,  0,  0],
    [ 0,  0,  0,  0,  0,  0,  2,  0],
    [ 0,  0,  0,  0,  0,  0,  0,  2]
]
* Z(3)
,
[
    [ 0,  0,  0,  0,  0,  0,  0,  2],
    [ 0,  2,  0,  0,  0,  0,  0,  0],
    [ 0,  0,  2,  0,  0,  0,  0,  0],
    [ 0,  0,  0,  2,  0,  0,  0,  0],
    [ 0,  0,  0,  0,  2,  0,  0,  0],
    [ 0,  0,  0,  0,  0,  2,  0,  0],
    [ 0,  0,  0,  0,  0,  0,  2,  0],
    [ 1,  0,  0,  0,  0,  0,  0,  0]
]
* Z(3)
);;
sympGrps[8,3].maxSubGrpsByClass[1][5].order := 220096880640;;
sympGrps[8,3].maxSubGrpsByClass[1][5].orderFactors := "2^13 * 3^10 * 5 * 7 * 13";;
sympGrps[8,3].maxSubGrpsByClass[1][5].strDsc := "";;
sympGrps[8,3].maxSubGrpsByClass[1][5].solRsd := rec();;
sympGrps[8,3].maxSubGrpsByClass[1][5].solRsd.self := "";;
sympGrps[8,3].maxSubGrpsByClass[1][5].solRsd.order := -1;;
sympGrps[8,3].maxSubGrpsByClass[1][5].solRsd.orderFactors := "";;
sympGrps[8,3].maxSubGrpsByClass[1][5].solRsd.strDsc := "";;
sympGrps[8,3].maxSubGrpsByClass[1][5].solRsd.perSubGrps := [];;

